201700008
201700034
201700059
201700114
201700116
201700183
201700227
201700238
201700256
201700368
201700398
201700427
201700447
201700488
201700501
201700502
201700503
201700517
201700519
201700524
201700538
201700566
201700569
201700610
201700613
201700621
201700645
201700660
201700691
201700732
201700753
201700771
201700817
201700859
201700866
201700880
201700926
201700928
201701005
201701122
201701209
201701273
201701388
201701394
201701455
201701505
201701550
201701557
201701578
201701802
201701848
201701864
201701876
201701890
201701892
201701922
201701927
201701964
201701966
201701973
201702041
201702083
201702114
201702123
201702138
201702162
201702164
201702194
201702234
201702235
201702282
201702339
201702348
201702377
201702383
201702412
201702481
201702509
201702547
201702570
201702574
201702886
201702887
201702925
201703041
201703084
201703100
201703159
201703223
201703300
201703306
201703313
201703385
201703393
201703406
201703413
201703452
201703490
201703506
201703567
201703637
201703652
201703667
201703686
201703704
201703712
201703786
201703923
201703943
201703978
201704030
201704069
201704108
201704133
201704143
201704186
201704262
201704268
201704272
201704301
201704303
201704385
201704479
201704495
201704518
201704523
201704607
201704613
201704617
201704650
201704721
201704743
201704757
201704811
201704864
201704941
201704954
201704968
201704969
201705051
201705074
201705209
201705241
201705479
201705501
201705524
201705549
201705810
201705845
201705995
201706028
201706029
201706056
201706059
201706134
201706136
201706142
201706184
201706185
201706193
201706219
201706260
201706351
201706403
201706429
201706523
201706531
201706542
201706547
201706589
201706650
201706652
201706879
201707052
201707067
201707123
201707127
201707227
201707232
201707241
201707258
201707260
201707318
201707364
201707365
201707472
201707558
201707598
201707615
201707616
201707668
201707669
201707710
201707803
201707858
201707901
201707969
201708015
201708022
201708035
201708043
201708061
201708172
201708208
201708225
201708226
201708282
201708298
201708314
201708358
201708365
201708373
201708445
201708473
201708694
201708768
201708770
201708772
201708794
201708800
201708811
201708814
201708817
201708849
201708885
201708958
201709004
201709007
201709009
201709063
201709166
201709253
201709434
201709437
201709463
201709499
201709546
201709662
201709731
201709800
201709812
201709867
201709876
201709898
201709904
201709930
201710016
201710018
201710079
201710149
201710155
201710164
201710185
201710217
201710240
201710252
201710266
201710297
201710322
201710345
201710416
201710464
201710488
201800035
201800084
201800126
201800170
201800181
201800187
201800191
201800202
201800277
201800329
201800331
201800332
201800334
201800360
201800361
201800392
201800503
201800603
201800644
201800649
201800656
201800741
201800810
201800857
201800862
201800870
201800873
201800913
201800925
201800959
201800963
201801142
201801161
201801193
201801265
201801268
201801289
201801456
201801462
201801508
201801511
201801527
201801546
201801547
201801622
201801637
201801640
201801657
201801708
201801712
201801874
201801972
201802076
201802127
201802215
201802245
201802282
201802316
201802326
201802343
201802406
201802412
201802452
201802519
201802558
201802643
201802649
201802651
201802652
201802656
201802680
201802686
201802749
201802771
201802773
201802776
201802786
201802813
201802830
201802832
201802847
201802860
201802898
201802921
201802965
201802989
201803002
201803009
201803049
201803050
201803055
201803061
201803065
201803141
201803175
201803183
201803201
201803225
201803239
201803257
201803315
201803317
201803319
201803326
201803345
201803384
201803387
201803415
201803423
201803432
201803452
201803467
201803477
201803480
201803491
201803576
201803719
201803726
201803728
201803762
201803763
201803767
201803916
201803926
201803961
201804025
201804057
201804099
201804114
201804131
201804132
201804160
201804171
201804202
201804203
201804224
201804256
201804264
201804270
201804295
201804304
201804312
201804314
201804315
201804320
201804538
201804582
201804594
201804596
201804625
201804644
201804647
201804683
201804686
201804695
201804702
201804722
201804758
201804843
201804886
201804911
201804925
201804928
201804940
201804950
201805005
201805008
201805015
201805042
201805099
201805123
201805124
201805153
201805195
201805241
201805252
201805278
201805280
201805282
201805293
201805319
201805328
201805331
201805340
201805347
201805352
201805355
201805373
201805458
201805478
201805485
201805519
201805558
201805687
201805830
201805841
201805897
201805919
201805942
201805958
201805979
201806010
201806014
201806030
201806050
201806052
201806112
201806121
201806132
201806196
201806218
201806307
201806379
201806406
201806465
201806471
201806481
201806511
201806626
201806630
201806631
201806653
201806655
201806660
201806674
201806675
201806678
201806686
201806796
201806887
201806928
201806956
201806982
201807030
201807036
201807046
201807048
201807073
201807146
201807150
201807158
201807190
201807210
201807215
201807216
201807219
201807253
201807266
201807331
201807370
201807380
201807381
201807390
201807395
201807405
201807406
201807427
201807451
201807547
201807548
201807565
201807578
201807610
201807713
201807746
201807779
201807780
201807820
201807898
201807899
201807912
201807926
201807973
201807998
201808075
201808076
201808249
201808341
201808384
201808394
201808457
201808494
201808498
201808501
201808506
201808513
201808549
201808613
201808638
201808656
201808657
201808658
201808696
201808716
201808799
201808807
201808820
201808821
201808905
201808989
201808994
201809169
201809197
201809228
201809291
201809297
201809338
201809340
201809351
201809407
201809463
201809477
201809478
201809479
201703773
201703930
201704033
201704036
201705582
201706891
201707338
201710230
201800957
201806315
201806829